11010010110001101001011000100101100011010000001011
01111011111001101001111010011110110110110110110110
11011011011011011011000001111110011110100101100001
10101001011110011001111111010011100111010001010100
11100101110010100001101011010000110111010001010000
11110111101111100110100111101001111100111010000011
10011001101011011000111001100010111111010111110010
10111110010111110011100111111101001011100110111101
10000011111001100010011111111000011111000101101011
01111110000101100111001111101101000001100111111110
10001000001111110101101000110000101111011100110101
10100111111101011101110000111100000101011101110000
11110000010011110111101011000010011111111010001010
11000011001111001010001111110000101001100111111010
00001111111001101011010011111100000101110010111111
00011011100010100101111110001111110001001011111101
11001100100000110011111110011010110100111111001100
00101101000111111000010100110011111100001001110011
01111000100111100110111011000010100110111010101011
10011001000011110110011110100010101101100110000100
11001110011010110100000111101000011111110110100000
11111111010001001100011111101000011011000010101111
01000001110101011000001011110110011110100000011010
11010001100110000101101001111011000010100110010011
00110000111001111110010000110100111010100001101000
10011111100110000111101111100010000010100110011111
10011000100100101001001011000101000110011100010011
10100001110111000101010001100111011100101000100111
00101101001110100010101110001100110101010000101101
01011110100010110101011110010110001010110101100101
01101111011001010011101001010110111101011101010111
01100101011010100010011101001010110000101011110111
11010000100101010001010011101011111010010101000100
11101100100111010110010100111011001000010010101011
10111010100010011101110101000100111011101010001001
11011001001110110010011101100100111011110100101100
01001101011000110100